40 78 66
2 1 -43399
1 2 -74002
3 1 61343
1 3 -8228
4 1 58546
1 4 -20758
5 1 -82885
1 5 51421
6 4 92467
4 6 -79232
7 6 -6913
6 7 69202
8 7 31703
7 8 7605
9 6 72927
6 9 13003
10 6 20649
6 10 -43554
11 4 -15227
4 11 91768
12 10 77249
10 12 -21438
13 7 86096
7 13 43604
14 9 -14019
9 14 -65665
15 1 74566
1 15 42527
16 7 -12489
7 16 230
17 16 70754
16 17 -4608
18 11 -53042
11 18 -21386
19 1 15648
1 19 -1631
20 19 -58443
19 20 -93626
21 7 91849
7 21 23505
22 8 -56655
8 22 73302
23 13 58894
13 23 -62793
24 10 -49760
10 24 -85234
25 13 40656
13 25 45159
26 13 1356
13 26 -11414
27 5 48184
5 27 43154
28 3 -50921
3 28 99018
29 4 48216
4 29 -39835
30 6 18210
6 30 -3794
31 17 16414
17 31 60614
32 19 66269
19 32 -24853
33 2 35962
2 33 94493
34 5 -45097
5 34 23084
35 21 52404
21 35 65181
36 2 76413
2 36 -71695
37 11 49617
11 37 -53142
38 37 95526
37 38 -38482
39 26 38079
26 39 32991
40 35 -32266
35 40 60101
